000010
000056
000098
000012
000066
000094
000124
000110
000115
000122
000086
000043
000127
000001
000140
000064
000088
000073
000158
000027
000099
000133
000092
000103
000100
000084
000101
000104
000052
000137
000095
000125
000007
000037
000093
000105
000005
000146
000077
000128
000046
000112
000018
000028
000119
000138
000142
000057
000116
000026
000053
000040
000107
000108
000031
000130
000078
000070
000050
000006
000063
000117
000036
000080
000011
000141
000151
000129
000074
000021
000039
000144
000154
000058
000121
000067
000096
000145
000024
000035
000113
000038
000085
000034
000033
000000
000091
000135
000147
000032
000120
000097
000102
000072
000055
000075
000022
000069
000042
000149
000044
000136
000054
000013
000159
000048
000002
000029
000047
000016
000111
000118
000139
000051
000148
000020
000062
000083
000014
000071
000090
000143
000008
000025
000156
000155
000019
000059
000126
000023
000030
000132
000061
000041
000079
000076
000087
000134
000081
000060
000009
000003
000106
000065
000089
000153
000131
000049
000068
000109
000123
000015
000152
000082
000114
000150
000004
000045
000157
000017
