0 0.522271714922 0.306666666667 0.273942093541 0.326666666667
0 0.741648106904 0.353333333333 0.19153674833 0.3
0 0.355233853007 0.856666666667 0.412026726058 0.246666666667
0 0.0668151447661 0.85 0.133630289532 0.26
0 0.263919821826 0.631666666667 0.447661469933 0.196666666667
0 0.12583518931 0.551666666667 0.158129175947 0.203333333333
0 0.606904231626 0.66 0.193763919822 0.3
0 0.838530066815 0.641666666667 0.314031180401 0.243333333333
0 0.25723830735 0.371666666667 0.238307349666 0.316666666667
0 0.885300668151 0.4 0.207126948775 0.24
